070061041050002055 093085012099062083002055088092 016102101069 094100041050002055 072074002055094100094100002055040036088092 012099040036002055 
040036012099040036002055072074046013 088092063087002055072074072074002055053078 016102018090094100, 002055020015025048002055063087094100 
007049041050002055093085 018090088092002055053078 047038093085 053078002055040036047038034080012099094100047038016102093085088092 
016102040036 025048016102062083063087016102018090093085053078 007049016102040036053078088092 (101069016102040036 
002055020015012099062083063087072074002055 094100002055002055-088092041050047038040036094100, 053078002055002055045004012099046013, 
002055062083025048002055002055, 016102051097012099046013, 012099047038094100025048041050072074002055088092088092, 002055094100025048.), 
053078002055040036047038034080002055053078 101069016102040036062083088092 (101069016102040036 002055020015012099062083063087072074002055 
002055020015002055053078 016102018090094100, 002055101069101069047038093085023056, 094100016102 002055101069101069 
012099093085053078 010035072074047038093085053078, 002055094100025048.), 012099093085053078 047038093085 
094100041050002055 093085012099062083002055088092 016102101069 016102010035045004002055025048094100088092 093085012099062083002055053078 
012099101069094100002055040036 072074002055094100094100002055040036088092 (101069016102040036 002055020015012099062083063087072074002055 
002055062083 (088092063087012099025048002055) 047038093085 063087040036047038093085094100047038093085023056 012099093085053078 
007049046013002055 (045004018090093085025048094100047038016102093085) 047038093085 040036012099047038072074040036016102012099053078047038093085023056). 
070061041050002055 101069016102040036062083088092 072074047038088092094100002055053078 010035002055072074016102007049 012099040036002055 101069040036016102062083 
094100041050002055 030068020015101069016102040036053078 081005093085023056072074047038088092041050 044075047038025048094100047038016102093085012099040036046013. 
009006016102007049002055072074088092 088092094100012099093085053078 101069016102040036 094100041050002055062083088092002055072074034080002055088092, 
012099093085053078 025048016102093085088092016102093085012099093085094100088092 018090088092018090012099072074072074046013 041050012099034080002055 
094100041050002055 101069016102040036062083 025048016102093085088092016102093085012099093085094100 + 002055002055 016102040036 002055 
+ 025048016102093085088092016102093085012099093085094100 (002055.023056. 010035002055002055 012099093085053078 002055101069). 
070061041050002055 002055020015025048002055063087094100047038016102093085088092 012099040036002055 094100041050002055 072074002055094100094100002055040036088092 
012099047038094100025048041050, 045004012099046013, 051097012099046013, 025048018090002055, 012099040036, 002055088092088092 
(010035018090094100 002055088092- 047038093085 025048016102062083063087016102018090093085053078088092 ), 053078016102018090010035072074002055 
018090, 007049046013002055, 012099093085053078 082076002055053078. 052017072074018090040036012099072074088092 016102101069 
025048016102093085088092016102093085012099093085094100088092 002055093085053078 047038093085 -088092 (010035002055002055088092, 
002055101069088092, 002055062083088092) 016102040036, 047038093085 094100041050002055 025048012099088092002055088092 
016102101069 012099047038094100025048041050, 002055088092088092, 012099093085053078 002055020015, 047038093085 -002055088092 
(012099047038094100025048041050002055088092, 002055088092088092002055088092, 002055020015002055088092). 052017072074018090040036012099072074088092 
016102101069 034080016102007049002055072074088092 002055093085053078 047038093085 -002055088092 (012099002055088092, 002055002055088092, 
047038002055088092, 016102002055088092, 018090002055088092); 094100041050002055088092002055 012099040036002055 040036012099040036002055. 
086011072074072074 072074002055094100094100002055040036088092 062083012099046013 088092094100012099093085053078 101069016102040036 094100041050002055062083088092002055072074034080002055088092, 
023056002055093085002055040036012099072074072074046013 047038093085 025048012099063087047038094100012099072074047038082076002055053078 101069016102040036062083 
(016102051097012099046013 016102040036 030068057037, 002055062083025048002055002055 016102040036 077064001014), 012099093085053078 
063087072074018090040036012099072074088092 062083012099046013 010035002055 010035012099088092002055053078 016102093085 094100041050002055088092002055 
(012099002055088092 016102040036 086011088092, 025048002055002055088092 016102040036 001014088092, 002055094100025048.)